0 15.7338
1 15.662
2 15.662
3 15.662
4 14.2075
5 14.2075
6 14.2075
7 13.6147
8 12.6578
9 12.3834
10 12.3834
11 12.3834
12 10.5458
13 9.95983
14 9.53056
15 9.53056
16 9.53056
17 9.50939
18 9.50939
19 9.01915
20 9.01915
21 9.01915
22 9.01915
23 9.01915
24 8.64913
25 7.85608
26 7.85608
27 6.49128
28 4.85616
29 4.67507
30 4.07648
31 3.94714
32 3.94714
33 3.18426
34 3.18426
35 3.18112
36 2.72418
37 2.70991
38 2.70991
39 2.70991
40 2.70991
41 2.15793
42 2.15793
43 2.15793
44 1.29928
45 1.29928
46 0.853259
47 0.363838
48 0.363838
49 0.363838
50 0.363838
51 0.363838
52 0.0644297
53 0.0355021
54 0.0355021
55 0.0355021
